%%%%%%%%%%% FOUND SOLUTIONS %%%%%%%%%%%%%%%%%%%%%%%%%

% Solution for Topputo 10N
sol1 = -[-15.6055797312126
          -32.845450696977
          0.094522
           0.1015189553443
       -0.0447401490503898
       0.00015
         -0.13328971670858];

% 2N
sol10 = [6.47610411199029
          13.5895353099686
         0.133951129691016
        -0.041598389431758
        0.0182404119190331
     -0.000162020504820837
         0.126720974647283];

% 1N 
sol1 = [4.229762; 10.873196; -0.420268; -0.030411; 0.016232; 0.000094; 0.123321];

% Crazy solution form 0.15N energy problem:
sol1 = [ -0.12357752119492
          3.79623809100946
       -0.0363297832272447
       0.00112931258304131
        -0.384853531061867];

        

%%%%%%%%%%%%%%%%%%% MINIMUM TIME HALO ORBIT %%%%%%%%%%%%%%%%%%%%%%%%%%%%%%%%%%%%

% FOR SHOOT = -1

% sol1 = [1.1265297356659
%          -7.32541076096011
%         0.0487310989711711
%        -0.0116333433608078
%            1.3420047662013
%           2.31200156690883]';
% 
sol1 = [0.966392820297928
         -4.65761087063493
        0.0241921853155285
       -0.0102931153167975
          1.29960187227596
          2.22588524808983]';

% FOR SHOOT = 1
sol1 = [ -1.06271765437357
          5.92797715695083
       -0.0356594821549936
         0.011113190625533
         -1.32186524111369
          2.26963618447952]';

sol1 = [-0.889800416654303
          2.90810949762015
      -0.00795805334447801
       0.00966173051279246
         -1.28068519295496
          2.18047622540748]';

sol1 = [-0.521621524995709
         -6.43415527635264
        0.0783686374147702
       0.00607164958797137
         -1.25798740010874
          2.03739354882195];

%%%%%%%%%%%%%%%%%%% MINIMUM ENERGY HALO ORBIT %%%%%%%%%%%%%%%%%%%%%%%%%%%%%%%%%%%%

% FOR SHOOT = -1

% 110% TMIN
% sol1 = [0.361599694430315
%          0.406648914502744
%       -0.00775020031074369
%       -0.00349311927341682
%           0.26750163432859]';

sol1 = [0.257047087387858
          4.59733566388834
       -0.0444309178835988
      -0.00236128856292056
         0.201291722427065]';

% sol1 = [0.427619223212959
%          -1.76805233684513
%         0.0112168180468602
%        -0.0041911281709062
%          0.351912852707055]';

% 120% TMIN
% sol1 = [0.43288772555493
%          -1.01355681553048
%        0.00585423109781801
%       -0.00411844848731882
%          0.258175957391911]';

% FOR SHOOT = 1

% 110% old Tmin
sol1 = [-0.257047087387858
         -4.59733566388834
        0.0444309178835988
       0.00236128856292056
        -0.201291722427065];

% 110 TMIN
sol1 = [-0.388138532882351
         0.524760765664965
     -0.000512427153788444
       0.00376984260329872
        -0.292454666783154]';


%%%%%%%%%%%%%%%%%%% MINIMUM TIME DRO 70000KM %%%%%%%%%%%%%%%%%%%%%%%%%%%%%%%%%%%%


% FOR SHOOT = 1
sol1 = [-1.77548390210204
          11.2984129756827
        -0.091210483099845
        0.0172883353994883
         -1.49863370916953
          2.63217636173049]';

sol1 = [-1.64070333548791
          8.06643259695221
       -0.0609012042305605
        0.0162046569417121
         -1.43469162621777
          2.51415458253988]';

sol1 = [ -1.50269424664721
          3.62353918791942
       -0.0195730911302046
        0.0151263917138306
         -1.37333246953229
           2.3837046913798]';



%%%%%%%%%%%%%%%%%%% MINIMUM ENERGY DRO 70000KM %%%%%%%%%%%%%%%%%%%%%%%%%%%%%%%%%%%%

% FOR SHOOT = -1 

sol1 = [0.403938698757329
          3.96836499815514
       -0.0373432462993622
      -0.00372066099915649
         0.220110321846214]';

% sol1 = [0.505439760383013
%          -1.00834761650568
%        0.00672824439737541
%       -0.00483707489391338
%          0.321615547550176]';
% 
% sol1 = [0.462925175723108
%           1.09091286660545
%        -0.0118880160279952
%       -0.00436953119715204
%          0.258909801164994]';
% 
% sol1 = [0.434458984928504
%           2.49711686566579
%         -0.024332862365704
%       -0.00405736847518306
%          0.236452637908183]';

% FOR SHOOT = 1 


%%%%%%%%%%%%%%%%%%% MINIMUM FUEL HALO ORBIT %%%%%%%%%%%%%%%%%%%%%%%%%%%%%%%%%%%%

% FOR SHOOT = -1 
% 110% TMIN

% sol1 = [0.24450094798891
%           1.80765794472814
%        -0.0189587966015068
%       -0.00233454582401969
%          0.200122196606993]';
% 
sol1 = [0.242486351879127
           3.8147217090363
       -0.0367930804414714
      -0.00222599359164917
         0.167504431120933]';

% sol1 = [0.260855366200022
%           3.10984602164811
%         -0.030750622800206
%       -0.00243534628894496
%          0.177702953614117]';
% 
sol1 = [0.205578186559715
          4.28328781532962
       -0.0405076033883092
      -0.00186097373123313
         0.157878681500839]';
% 
% sol1 = [0.380088972318744
%           -1.9400989460624
%         0.0132031484457073
%       -0.00372799118425745
%          0.312880050163585]';

% 120% TMIN
sol1 = [0.319495069871442
          0.55877168014354
      -0.00735007105903214
       -0.0030112962747379
         0.200431068466472]';

% FOR SHOOT = 1 
% 110% TMIN

sol1 = [-0.260855366168351
         -3.10984602131105
        0.0307506227969535
       0.00243534628867663
         -0.17770295362611];

sol1 = [-0.242486351876616
         -3.81472170907842
        0.0367930804418171
       0.00222599359162287
        -0.167504431119801];

sol1 = [-0.284822091668474
        -0.753630838649099
       0.00983042056267201
       0.00273860589646843
        -0.226085399406399];

%%%%%%%%%%%%%%%%%%% MINIMUM FUEL DRO 70000KM %%%%%%%%%%%%%%%%%%%%%%%%%%%%%%%%%%%%

% FOR SHOOT = -1 
% 110% TMIN

% sol1 = [0.355948652294246
%           3.18228168869821
%        -0.0298675685287008
%          -0.00328789802709
%           0.18114632046659]';
% 
sol1 = [0.401448735811981
       -0.0756196902377149
      -0.00103574873261352
      -0.00382165870969362
         0.260259057371452]';

sol1 = [0.332042420868785
          2.64411200187583
       -0.0249856195121628
      -0.00308841436055092
         0.185709740195344]';

%%%%%%%%%%%%%%%%%%%%%%%%% MINIMUM TIME NEW POINT ON DRO 70000KM %%%%%%%%%%%

% FOR SHOOT = 1

sol1 = [-1.54056334179925
          5.36810646738309
       -0.0348050139067123
        0.0154248989955356
         -1.29046103706704
          2.26785718073103];

sol1 = [-1.35828399549546
        -0.758645317113458
        0.0222121554082514
        0.0138373818804214
         -1.23747854193902
          2.12684899410028];

sol1 = [-1.31420675428709
         -5.22734053896623
        0.0637976872927341
        0.0132784445349096
         -1.24201333634963
          2.07819691641209];
% FOR TMAX = 1.5N

sol1 = [-3.27265567896064
          1.72985366955008
       -0.0300429435063968
        0.0311350127702324
         -2.31729571502953
           3.7617666570889];

% FOR TMAX = 1N
sol1 = [1.81968489665091
          11.6735186487408
        -0.136209052133237
       -0.0148940379558312
         -3.41398158143565
          5.50562408311293];

sol1 = [1.28272750934898
         -2.73110988234178
       -0.0164682706159843
      -0.00988913027868652
         -3.42035640597072
          5.30657316944843];

% For TMAX = 0.3N

sol1 = [-0.136411848251466
        -4.16266204254564
         0.0945503283578725
         0.00288528427801876
        -12.352536325876
         16.6866612209862];

%%%%%%%%%%%%%%%%%%%%%%%%% MINIMUM ENERGY NEW POINT ON DRO 70000KM %%%%%%%%%%%

% FOR 110% TMIN
sol1 = [-0.507995890797707
          1.07993709008256
      -0.00655372384638519
       0.00491854139024385
        -0.341779127196341];

% FOR 120% TMIN
% old time
