function dH0_dp = H0_p_fun(in1,in2,Tsym,csym,EPSsym)
%H0_p_fun
%    dH0_dp = H0_p_fun(IN1,IN2,Tsym,CSYM,EPSsym)

%    This function was generated by the Symbolic Math Toolbox version 9.2.
%    08-Sep-2024 16:01:27

x1 = in1(1,:);
x2 = in1(2,:);
x3 = in1(3,:);
x4 = in1(4,:);
x5 = in1(5,:);
x6 = in1(6,:);
t2 = x2.^2;
t3 = x3.^2;
t4 = x1+1.21506683e-2;
t6 = x1-9.878493317e-1;
t5 = t4.^2;
t7 = t6.^2;
t8 = t2+t3+t5;
t9 = t2+t3+t7;
t10 = 1.0./t8.^(3.0./2.0);
t11 = 1.0./t9.^(3.0./2.0);
et1 = x1+x5.*2.0-t10.*(x1.*9.878493317e-1+1.200302955986338e-2);
et2 = -t11.*(x1.*1.21506683e-2-1.200302955986338e-2);
dH0_dp = [x4;x5;x6;et1+et2;x2-x4.*2.0-t10.*x2.*9.878493317e-1-t11.*x2.*1.21506683e-2;t10.*x3.*(-9.878493317e-1)-t11.*x3.*1.21506683e-2;0.0];
