function dH0_dx = H0_x_fun(in1,in2,Tsym,csym,EPSsym)
%H0_x_fun
%    dH0_dx = H0_x_fun(IN1,IN2,Tsym,CSYM,EPSsym)

%    This function was generated by the Symbolic Math Toolbox version 9.2.
%    08-Sep-2024 16:01:27

p1 = in2(1,:);
p2 = in2(2,:);
p3 = in2(3,:);
p4 = in2(4,:);
p5 = in2(5,:);
p6 = in2(6,:);
x1 = in1(1,:);
x2 = in1(2,:);
x3 = in1(3,:);
t2 = x1.*2.0;
t3 = x2.^2;
t4 = x3.^2;
t5 = x1.*1.21506683e-2;
t6 = x1+1.21506683e-2;
t8 = x1.*9.878493317e-1;
t10 = x1-9.878493317e-1;
t7 = t2+2.43013366e-2;
t9 = t6.^2;
t11 = t2-1.9756986634;
t12 = t10.^2;
t25 = t5-1.200302955986338e-2;
t26 = t8+1.200302955986338e-2;
t13 = t3+t4+t9;
t14 = t3+t4+t12;
t15 = 1.0./t13.^(3.0./2.0);
t16 = 1.0./t13.^(5.0./2.0);
t17 = 1.0./t14.^(3.0./2.0);
t18 = 1.0./t14.^(5.0./2.0);
t19 = t15.*9.878493317e-1;
t21 = t17.*1.21506683e-2;
t23 = t16.*x2.*x3.*2.9635479951;
t24 = t18.*x2.*x3.*3.64520049e-2;
t20 = -t19;
t22 = -t21;
t27 = t23+t24;
mt1 = [p4.*(t20+t22+t7.*t16.*t26.*(3.0./2.0)+t11.*t18.*t25.*(3.0./2.0)+1.0)+p5.*(t7.*t16.*x2.*1.48177399755+t11.*t18.*x2.*1.822600245e-2)+p6.*(t7.*t16.*x3.*1.48177399755+t11.*t18.*x3.*1.822600245e-2)];
mt2 = [p6.*t27+p5.*(t20+t22+t3.*t16.*2.9635479951+t3.*t18.*3.64520049e-2+1.0)+p4.*(t16.*t26.*x2.*3.0+t18.*t25.*x2.*3.0);p5.*t27-p6.*(t19+t21-t4.*t16.*2.9635479951-t4.*t18.*3.64520049e-2)+p4.*(t16.*t26.*x3.*3.0+t18.*t25.*x3.*3.0)];
mt3 = [p1-p5.*2.0;p2+p4.*2.0;p3;0.0];
dH0_dx = [mt1;mt2;mt3];
