function d2H0_dxdx = H0_xx_fun(in1,in2,Tsym,csym,EPSsym)
%H0_xx_fun
%    d2H0_dxdx = H0_xx_fun(IN1,IN2,Tsym,CSYM,EPSsym)

%    This function was generated by the Symbolic Math Toolbox version 9.2.
%    08-Sep-2024 16:01:28

p4 = in2(4,:);
p5 = in2(5,:);
p6 = in2(6,:);
x1 = in1(1,:);
x2 = in1(2,:);
x3 = in1(3,:);
t2 = x1.*2.0;
t3 = x2.^2;
t4 = x2.^3;
t5 = x3.^2;
t6 = x3.^3;
t7 = x1.*1.21506683e-2;
t8 = x1+1.21506683e-2;
t10 = x1.*9.878493317e-1;
t12 = x1-9.878493317e-1;
t9 = t2+2.43013366e-2;
t11 = t8.^2;
t14 = t2-1.9756986634;
t15 = t12.^2;
t35 = t7-1.200302955986338e-2;
t36 = t10+1.200302955986338e-2;
t13 = t9.^2;
t16 = t14.^2;
t17 = t3+t5+t11;
t18 = t3+t5+t15;
t19 = 1.0./t17.^(5.0./2.0);
t20 = 1.0./t17.^(7.0./2.0);
t21 = 1.0./t18.^(5.0./2.0);
t22 = 1.0./t18.^(7.0./2.0);
t23 = t21.*x2.*3.64520049e-2;
t24 = t21.*x3.*3.64520049e-2;
t25 = t19.*x2.*2.9635479951;
t26 = t19.*x3.*2.9635479951;
t27 = t5.*t20.*x2.*1.48177399755e+1;
t28 = t3.*t20.*x3.*1.48177399755e+1;
t29 = t5.*t22.*x2.*1.822600245e-1;
t30 = t3.*t22.*x3.*1.822600245e-1;
t37 = t9.*t19.*1.48177399755;
t38 = t14.*t21.*1.822600245e-2;
t39 = t9.*t20.*x2.*x3.*7.40886998775;
t40 = t3.*t9.*t20.*7.40886998775;
t41 = t5.*t9.*t20.*7.40886998775;
t42 = t14.*t22.*x2.*x3.*9.113001225e-2;
t45 = t3.*t14.*t22.*9.113001225e-2;
t46 = t5.*t14.*t22.*9.113001225e-2;
t49 = t19.*t36.*3.0;
t50 = t21.*t35.*3.0;
t51 = t20.*t36.*x2.*x3.*1.5e+1;
t52 = t22.*t35.*x2.*x3.*1.5e+1;
t53 = t9.*t20.*t36.*x2.*(1.5e+1./2.0);
t54 = t9.*t20.*t36.*x3.*(1.5e+1./2.0);
t57 = t14.*t22.*t35.*x2.*(1.5e+1./2.0);
t58 = t14.*t22.*t35.*x3.*(1.5e+1./2.0);
t31 = -t27;
t32 = -t28;
t33 = -t29;
t34 = -t30;
t43 = -t40;
t44 = -t41;
t47 = -t45;
t48 = -t46;
t55 = -t53;
t56 = -t54;
t59 = -t57;
t60 = -t58;
t61 = t39+t42;
t66 = t51+t52;
t62 = p5.*t61;
t63 = p6.*t61;
t67 = p4.*t66;
t69 = t23+t25+t31+t33;
t70 = t24+t26+t32+t34;
t73 = t37+t38+t43+t47;
t74 = t37+t38+t44+t48;
t77 = t23+t25+t55+t59;
t78 = t24+t26+t56+t60;
t64 = -t62;
t65 = -t63;
t68 = -t67;
t71 = p6.*t69;
t72 = p5.*t70;
t75 = p5.*t73;
t76 = p6.*t74;
t79 = p4.*t77;
t80 = p4.*t78;
t81 = t68+t71+t72;
t82 = t65+t75+t79;
t83 = t64+t76+t80;
et1 = p4.*(t49+t50+t9.*t19.*2.9635479951+t14.*t21.*3.64520049e-2-t13.*t20.*t36.*(1.5e+1./4.0)-t16.*t22.*t35.*(1.5e+1./4.0))+p5.*(t23+t25-t13.*t20.*x2.*3.704434993875-t16.*t22.*x2.*4.5565006125e-2);
et2 = p6.*(t24+t26-t13.*t20.*x3.*3.704434993875-t16.*t22.*x3.*4.5565006125e-2);
mt1 = [et1+et2,t82,t83,0.0,0.0,0.0,0.0,t82,p6.*t70-p5.*(t4.*t20.*1.48177399755e+1+t4.*t22.*1.822600245e-1-t19.*x2.*8.8906439853-t21.*x2.*1.093560147e-1)+p4.*(t49+t50-t3.*t20.*t36.*1.5e+1-t3.*t22.*t35.*1.5e+1),t81,0.0,0.0,0.0,0.0,t83,t81];
mt2 = [p5.*t69-p6.*(t6.*t20.*1.48177399755e+1+t6.*t22.*1.822600245e-1-t19.*x3.*8.8906439853-t21.*x3.*1.093560147e-1)+p4.*(t49+t50-t5.*t20.*t36.*1.5e+1-t5.*t22.*t35.*1.5e+1),0.0,0.0,0.0,0.0,0.0,0.0,0.0,0.0,0.0,0.0,0.0,0.0,0.0,0.0,0.0,0.0,0.0,0.0];
mt3 = [0.0,0.0,0.0,0.0,0.0,0.0,0.0,0.0,0.0,0.0,0.0,0.0,0.0,0.0];
d2H0_dxdx = reshape([mt1,mt2,mt3],7,7);
